# Created by Octave 4.4.1, Tue Nov 20 16:02:12 2018 GMT <unknown@Admin>
# name: D
# type: matrix
# rows: 8
# columns: 8
 162.30000000000001 40.600000000000001 20 72.299999999999997 30.300000000000001 12.5 -19.699999999999999 -11.5
 30.5 108.40000000000001 10.5 32.299999999999997 27.699999999999999 -15.5 18.399999999999999 -2
 -94.099999999999994 -60.100000000000001 12.300000000000001 -43.399999999999999 -31.300000000000001 6.0999999999999996 -3.2999999999999998 7.0999999999999996
 -38.600000000000001 -83.400000000000006 -5.4000000000000004 -22.199999999999999 -13.5 15.5 -1.3 3.5
 -31.300000000000001 17.899999999999999 -5.5 -12.4 14.300000000000001 -6 11.5 -6
 -0.90000000000000002 -11.800000000000001 12.800000000000001 0.20000000000000001 28.100000000000001 12.6 8.4000000000000004 2.8999999999999999
 4.5999999999999996 -2.3999999999999999 12.199999999999999 6.5999999999999996 -18.699999999999999 -12.800000000000001 7.7000000000000002 12
 -10 11.199999999999999 7.7999999999999998 -16.300000000000001 21.5 0 5.9000000000000004 10.699999999999999


# name: D_w
# type: matrix
# rows: 8
# columns: 8
 158.12806999099939 48.908504678941938 31.101576464628799 81.244900782009822 30.688908729652603 19.924621202458749 -19.876776695296638 -4.2168001537785598
 33.16605577400717 111.94029762980055 19.210624624448741 29.936857964869432 30.338257424153856 -11.163203426937635 21.408335519913727 0.15122243296450932
 -94.241728165548778 -76.26109270040368 20.958067697716899 -45.212443678067153 -37.516956033137426 16.014493884009454 7.1802634506089786 9.6085962028182195
 -21.47942129081471 -81.92053029058323 -12.199942133622352 -11.937399007132905 -21.48104998049569 7.4158800308101434 1.5369326741857214 15.435141807700164
 -26.845227278524749 19.420279579551075 -12.995331880577405 -18.021498910433053 16.385965004500317 -7.7677669529663689 3.3329166772953744 -5.0100505063388336
 -1.0874157709121248 -0.060804782741321617 19.000077269661954 12.146580920834225 21.821746060781653 18.756702721664524 -3.1321519563195341 -0.21506240449788239
 17.746479115226641 -5.8469671783988497 5.0164866714294183 0.6537786861037187 -30.475481208088105 -9.5591959294120965 14.801167369230896 -4.1168218049094918
 -13.311012926777494 20.814247642038239 8.1388915483689761 -28.870950039076686 11.435161876740585 3.3202727907009351 -6.4144712293349588 13.247747689643109


# name: ans
# type: matrix
# rows: 8
# columns: 8
 -41 83 114 72 30 13 -20 -12
 27 36 89 32 28 -16 18 -2
 -0 -160 91 -43 -31 6 -3 7
 -39 -83 -5 -22 -14 16 -1 4
 -31 18 -6 -12 14 -6 12 -6
 -1 -12 13 0 28 13 8 3
 5 -2 12 7 -19 -13 8 12
 -10 11 8 -16 22 0 6 11


# name: d_2
# type: matrix
# rows: 8
# columns: 8
 162.28100628231266 41.012193308819761 15.90990257669732 80.610173055266429 41.719300090006307 12.374368670764582 -19.798989873223331 -11.667261889578034
 30.329220511142516 108.62231518192716 13.247179864959296 35.934157524884014 36.574886710159191 -15.632923946100782 18.036980372265429 -1.7076456941875584
 -94.299037324318618 -60.044203950372044 12.294630209807504 -59.410153279247609 -22.153877968957122 5.8195078193669003 -3.0614674589207183 7.1804637325939886
 -38.931653593899625 -83.05242817940271 -5.7334866234117907 -21.827627640717203 -13.797125035454307 15.761299377243747 -1.7377931313921402 3.4775587659350036
 -31.466251762801367 17.677669529663689 -6.0104076400856545 -12.020815280171309 14.142135623730951 -6.0104076400856545 11.313708498984761 -6.0104076400856545
 -0.96316296158717307 -12.099036784597381 13.06191697921356 0.084090825988097251 27.792466849672234 12.730394154923957 8.399923737461954 3.1136223682943682
 4.2357478332362888 -2.6820835121461961 12.1281518791648 6.2396864774044545 -18.376770416385909 -12.742971738975468 7.3910362600902939 12.715775264800113
 -9.4359445070708965 11.493481931433719 7.7798252931995577 -16.102295590629446 21.318906850608712 0.79384853505105735 5.5757237456514233 10.525962519420649


# name: idct_test
# type: matrix
# rows: 8
# columns: 8
 129 137 148 133 156 133 136 130
 196 182 130 168 139 127 115 116
 240 221 150 189 162 117 130 133
 235 200 128 196 170 129 128 111
 199 154 119 161 153 131 122 121
 193 72 128 161 105 138 112 128
 157 70 135 125 145 156 111 127
 134 104 131 119 112 128 114 125


# name: n
# type: matrix
# rows: 8
# columns: 8
 106 19 71 44 -90 80 15 64
 -87 -62 127 32 114 23 116 107
 -60 93 81 -70 -50 100 -27 -102
 -53 117 38 112 108 4 -84 -8
 6 115 -65 -49 12 -68 -99 105
 121 -15 -49 125 -47 -43 109 -12
 -96 80 104 119 -41 50 -85 96
 -55 -112 7 -60 5 64 50 -44


# name: n_dct
# type: matrix
# rows: 8
# columns: 8
 -41.719300090006307 83.085046789419337 111.01576464628796 89.449007820098274 3.8890872965260117 74.246212024587493 -1.7677669529663689 72.831998462214401
 26.660557740071717 35.402976298005527 87.106246244487409 -23.631420351305636 26.38257424153856 43.367965730623659 30.083355199137273 21.512224329645093
 -1.4172816554878978 -161.6109270040368 86.580676977168991 -18.124436780671516 -62.169560331374257 99.14493884009454 104.80263450608977 25.085962028182195
 171.20578709185293 14.79469709416778 -67.99942133622352 102.62600992867094 -79.810499804956905 -80.841199691898566 28.369326741857215 119.35141807700164
 44.547727214752499 15.202795795510772 -74.953318805774046 -56.214989104330535 20.859650045003153 -17.677669529663689 -81.670833227046245 9.8994949366116654
 -1.8741577091212491 117.39195217258678 62.000772696619535 119.46580920834225 -62.782539392183494 61.567027216645229 -115.32151956319534 -31.150624044978819
 131.4647911522664 -34.469671783988495 -71.835133285705808 -59.462213138962809 -117.75481208088107 32.408040705879046 71.01167369230896 -161.16821804909492
 -33.11012926777493 96.14247642038238 3.3889154836897593 -125.70950039076685 -100.64838123259415 33.202727907009347 -123.14471229334958 25.477476896431096


# name: test
# type: matrix
# rows: 8
# columns: 8
 162.30000000000001 40.600000000000001 15.800000000000001 80.599999999999994 41.400000000000006 12.5 -19.699999999999999 -11.5
 30.5 108.40000000000001 13.199999999999999 35.799999999999997 36.399999999999999 -15.5 18.399999999999999 -2
 -94.099999999999994 -60.100000000000001 12.200000000000001 -59.599999999999994 -22.600000000000001 6.0999999999999996 -3.2999999999999998 7.0999999999999996
 -38.600000000000001 -83.400000000000006 -5.4000000000000004 -22.199999999999999 -13.5 15.5 -1.3 3.5
 -31.300000000000001 17.899999999999999 -5.5 -12.4 14.300000000000001 -6 11.5 -6
 -0.90000000000000002 -11.800000000000001 12.800000000000001 0.20000000000000001 28.100000000000001 12.6 8.4000000000000004 2.8999999999999999
 4.5999999999999996 -2.3999999999999999 12.199999999999999 6.5999999999999996 -18.699999999999999 -12.800000000000001 7.7000000000000002 12
 -10 11.199999999999999 7.7999999999999998 -16.300000000000001 21.5 0 5.9000000000000004 10.699999999999999


# name: w
# type: matrix
# rows: 8
# columns: 8
 -42 83 111 89 4 74 -2 73
 27 35 87 -24 26 43 30 22
 -1 -162 87 -18 -62 99 105 25
 171 15 -68 103 -80 -81 28 119
 45 15 -75 -56 21 -18 -82 10
 -2 117 62 119 -63 62 -115 -31
 131 -34 -72 -59 -118 32 71 -161
 -33 96 3 -126 -101 33 -123 25


